PS[1]	1	800
PS[2]	801	1600
PS[3]	1601	2400
PS[4]	2401	3200
PS[5]	3201	4000
PS[6]	4001	4800
PS[7]	4801	5600
PS[8]	5601	6400
PS[9]	6401	7200
PS[10]	7201	8000
PS[11]	8001	8800
PS[12]	8801	9600
PS[13]	9601	10400
PS[14]	10401	11200
PS[15]	11201	12000
PS[16]	12001	12800
PS[17]	12801	13600
PS[18]	13601	14400
PS[19]	14401	15200
PS[20]	15201	16000
PS[21]	16001	16800
PS[22]	16801	17600
PS[23]	17601	18400
PS[24]	18401	19200
PS[25]	19201	20000
PS[26]	20001	20800
PS[27]	20801	21600
PS[28]	21601	22400
PS[29]	22401	23200
PS[30]	23201	24000
PS[31]	24001	24800
PS[32]	24801	25600
PS[33]	25601	26400
PS[34]	26401	27200
PS[35]	27201	28000
PS[36]	28001	28800
PS[37]	28801	29600
PS[38]	29601	30400
PS[39]	30401	31200
PS[40]	31201	32000
PS[41]	32001	32800
PS[42]	32801	33600
PS[43]	33601	34400
PS[44]	34401	35200
PS[45]	35201	36000
PS[46]	36001	36800
PS[47]	36801	37600
PS[48]	37601	38400
PS[49]	38401	39200
PS[50]	39201	40000
PS[51]	40001	40800
PS[52]	40801	41600
PS[53]	41601	42400
PS[54]	42401	43200
PS[55]	43201	44000
PS[56]	44001	44800
PS[57]	44801	45600
PS[58]	45601	46400
PS[59]	46401	47200
PS[60]	47201	48000
PS[61]	48001	48800
PS[62]	48801	49600
PS[63]	49601	50400
PS[64]	50401	51200
PS[65]	51201	52000
PS[66]	52001	52800
PS[67]	52801	53600
PS[68]	53601	54400
PS[69]	54401	55200
PS[70]	55201	56000
PS[71]	56001	56800
PS[72]	56801	57600
PS[73]	57601	58400
PS[74]	58401	59200
PS[75]	59201	60000
PS[76]	60001	60800
PS[77]	60801	61600
PS[78]	61601	62400
PS[79]	62401	63200
PS[80]	63201	64000
PS[81]	64001	64800
PS[82]	64801	65600
PS[83]	65601	66400
PS[84]	66401	67200
PS[85]	67201	68000
PS[86]	68001	68800
PS[87]	68801	69600
PS[88]	69601	70400
PS[89]	70401	71200
PS[90]	71201	72000
PS[91]	72001	72800
PS[92]	72801	73600
PS[93]	73601	74400
PS[94]	74401	75200
PS[95]	75201	76000
PS[96]	76001	76800
PS[97]	76801	77600
PS[98]	77601	78400
PS[99]	78401	79200
PS[100]	79201	80000
deviance	80001	80800
mean.PS	80801	81600
pi[1,1]	81601	82400
pi[1,2]	82401	83200
pi[1,3]	83201	84000
pi[1,4]	84001	84800
pi[2,1]	84801	85600
pi[2,2]	85601	86400
pi[2,3]	86401	87200
pi[2,4]	87201	88000
pi[3,1]	88001	88800
pi[3,2]	88801	89600
pi[3,3]	89601	90400
pi[3,4]	90401	91200
pi[4,1]	91201	92000
pi[4,2]	92001	92800
pi[4,3]	92801	93600
pi[4,4]	93601	94400
pi[5,1]	94401	95200
pi[5,2]	95201	96000
pi[5,3]	96001	96800
pi[5,4]	96801	97600
pi[6,1]	97601	98400
pi[6,2]	98401	99200
pi[6,3]	99201	100000
pi[6,4]	100001	100800
pi[7,1]	100801	101600
pi[7,2]	101601	102400
pi[7,3]	102401	103200
pi[7,4]	103201	104000
pi[8,1]	104001	104800
pi[8,2]	104801	105600
pi[8,3]	105601	106400
pi[8,4]	106401	107200
pi[9,1]	107201	108000
pi[9,2]	108001	108800
pi[9,3]	108801	109600
pi[9,4]	109601	110400
pi[10,1]	110401	111200
pi[10,2]	111201	112000
pi[10,3]	112001	112800
pi[10,4]	112801	113600
pi[11,1]	113601	114400
pi[11,2]	114401	115200
pi[11,3]	115201	116000
pi[11,4]	116001	116800
pi[12,1]	116801	117600
pi[12,2]	117601	118400
pi[12,3]	118401	119200
pi[12,4]	119201	120000
pi[13,1]	120001	120800
pi[13,2]	120801	121600
pi[13,3]	121601	122400
pi[13,4]	122401	123200
pi[14,1]	123201	124000
pi[14,2]	124001	124800
pi[14,3]	124801	125600
pi[14,4]	125601	126400
pi[15,1]	126401	127200
pi[15,2]	127201	128000
pi[15,3]	128001	128800
pi[15,4]	128801	129600
pi[16,1]	129601	130400
pi[16,2]	130401	131200
pi[16,3]	131201	132000
pi[16,4]	132001	132800
pi[17,1]	132801	133600
pi[17,2]	133601	134400
pi[17,3]	134401	135200
pi[17,4]	135201	136000
pi[18,1]	136001	136800
pi[18,2]	136801	137600
pi[18,3]	137601	138400
pi[18,4]	138401	139200
pi[19,1]	139201	140000
pi[19,2]	140001	140800
pi[19,3]	140801	141600
pi[19,4]	141601	142400
pi[20,1]	142401	143200
pi[20,2]	143201	144000
pi[20,3]	144001	144800
pi[20,4]	144801	145600
pi[21,1]	145601	146400
pi[21,2]	146401	147200
pi[21,3]	147201	148000
pi[21,4]	148001	148800
pi[22,1]	148801	149600
pi[22,2]	149601	150400
pi[22,3]	150401	151200
pi[22,4]	151201	152000
pi[23,1]	152001	152800
pi[23,2]	152801	153600
pi[23,3]	153601	154400
pi[23,4]	154401	155200
pi[24,1]	155201	156000
pi[24,2]	156001	156800
pi[24,3]	156801	157600
pi[24,4]	157601	158400
pi[25,1]	158401	159200
pi[25,2]	159201	160000
pi[25,3]	160001	160800
pi[25,4]	160801	161600
pi[26,1]	161601	162400
pi[26,2]	162401	163200
pi[26,3]	163201	164000
pi[26,4]	164001	164800
pi[27,1]	164801	165600
pi[27,2]	165601	166400
pi[27,3]	166401	167200
pi[27,4]	167201	168000
pi[28,1]	168001	168800
pi[28,2]	168801	169600
pi[28,3]	169601	170400
pi[28,4]	170401	171200
pi[29,1]	171201	172000
pi[29,2]	172001	172800
pi[29,3]	172801	173600
pi[29,4]	173601	174400
pi[30,1]	174401	175200
pi[30,2]	175201	176000
pi[30,3]	176001	176800
pi[30,4]	176801	177600
pi[31,1]	177601	178400
pi[31,2]	178401	179200
pi[31,3]	179201	180000
pi[31,4]	180001	180800
pi[32,1]	180801	181600
pi[32,2]	181601	182400
pi[32,3]	182401	183200
pi[32,4]	183201	184000
pi[33,1]	184001	184800
pi[33,2]	184801	185600
pi[33,3]	185601	186400
pi[33,4]	186401	187200
pi[34,1]	187201	188000
pi[34,2]	188001	188800
pi[34,3]	188801	189600
pi[34,4]	189601	190400
pi[35,1]	190401	191200
pi[35,2]	191201	192000
pi[35,3]	192001	192800
pi[35,4]	192801	193600
pi[36,1]	193601	194400
pi[36,2]	194401	195200
pi[36,3]	195201	196000
pi[36,4]	196001	196800
pi[37,1]	196801	197600
pi[37,2]	197601	198400
pi[37,3]	198401	199200
pi[37,4]	199201	200000
pi[38,1]	200001	200800
pi[38,2]	200801	201600
pi[38,3]	201601	202400
pi[38,4]	202401	203200
pi[39,1]	203201	204000
pi[39,2]	204001	204800
pi[39,3]	204801	205600
pi[39,4]	205601	206400
pi[40,1]	206401	207200
pi[40,2]	207201	208000
pi[40,3]	208001	208800
pi[40,4]	208801	209600
pi[41,1]	209601	210400
pi[41,2]	210401	211200
pi[41,3]	211201	212000
pi[41,4]	212001	212800
pi[42,1]	212801	213600
pi[42,2]	213601	214400
pi[42,3]	214401	215200
pi[42,4]	215201	216000
pi[43,1]	216001	216800
pi[43,2]	216801	217600
pi[43,3]	217601	218400
pi[43,4]	218401	219200
pi[44,1]	219201	220000
pi[44,2]	220001	220800
pi[44,3]	220801	221600
pi[44,4]	221601	222400
pi[45,1]	222401	223200
pi[45,2]	223201	224000
pi[45,3]	224001	224800
pi[45,4]	224801	225600
pi[46,1]	225601	226400
pi[46,2]	226401	227200
pi[46,3]	227201	228000
pi[46,4]	228001	228800
pi[47,1]	228801	229600
pi[47,2]	229601	230400
pi[47,3]	230401	231200
pi[47,4]	231201	232000
pi[48,1]	232001	232800
pi[48,2]	232801	233600
pi[48,3]	233601	234400
pi[48,4]	234401	235200
pi[49,1]	235201	236000
pi[49,2]	236001	236800
pi[49,3]	236801	237600
pi[49,4]	237601	238400
pi[50,1]	238401	239200
pi[50,2]	239201	240000
pi[50,3]	240001	240800
pi[50,4]	240801	241600
pi[51,1]	241601	242400
pi[51,2]	242401	243200
pi[51,3]	243201	244000
pi[51,4]	244001	244800
pi[52,1]	244801	245600
pi[52,2]	245601	246400
pi[52,3]	246401	247200
pi[52,4]	247201	248000
pi[53,1]	248001	248800
pi[53,2]	248801	249600
pi[53,3]	249601	250400
pi[53,4]	250401	251200
pi[54,1]	251201	252000
pi[54,2]	252001	252800
pi[54,3]	252801	253600
pi[54,4]	253601	254400
pi[55,1]	254401	255200
pi[55,2]	255201	256000
pi[55,3]	256001	256800
pi[55,4]	256801	257600
pi[56,1]	257601	258400
pi[56,2]	258401	259200
pi[56,3]	259201	260000
pi[56,4]	260001	260800
pi[57,1]	260801	261600
pi[57,2]	261601	262400
pi[57,3]	262401	263200
pi[57,4]	263201	264000
pi[58,1]	264001	264800
pi[58,2]	264801	265600
pi[58,3]	265601	266400
pi[58,4]	266401	267200
pi[59,1]	267201	268000
pi[59,2]	268001	268800
pi[59,3]	268801	269600
pi[59,4]	269601	270400
pi[60,1]	270401	271200
pi[60,2]	271201	272000
pi[60,3]	272001	272800
pi[60,4]	272801	273600
pi[61,1]	273601	274400
pi[61,2]	274401	275200
pi[61,3]	275201	276000
pi[61,4]	276001	276800
pi[62,1]	276801	277600
pi[62,2]	277601	278400
pi[62,3]	278401	279200
pi[62,4]	279201	280000
pi[63,1]	280001	280800
pi[63,2]	280801	281600
pi[63,3]	281601	282400
pi[63,4]	282401	283200
pi[64,1]	283201	284000
pi[64,2]	284001	284800
pi[64,3]	284801	285600
pi[64,4]	285601	286400
pi[65,1]	286401	287200
pi[65,2]	287201	288000
pi[65,3]	288001	288800
pi[65,4]	288801	289600
pi[66,1]	289601	290400
pi[66,2]	290401	291200
pi[66,3]	291201	292000
pi[66,4]	292001	292800
pi[67,1]	292801	293600
pi[67,2]	293601	294400
pi[67,3]	294401	295200
pi[67,4]	295201	296000
pi[68,1]	296001	296800
pi[68,2]	296801	297600
pi[68,3]	297601	298400
pi[68,4]	298401	299200
pi[69,1]	299201	300000
pi[69,2]	300001	300800
pi[69,3]	300801	301600
pi[69,4]	301601	302400
pi[70,1]	302401	303200
pi[70,2]	303201	304000
pi[70,3]	304001	304800
pi[70,4]	304801	305600
pi[71,1]	305601	306400
pi[71,2]	306401	307200
pi[71,3]	307201	308000
pi[71,4]	308001	308800
pi[72,1]	308801	309600
pi[72,2]	309601	310400
pi[72,3]	310401	311200
pi[72,4]	311201	312000
pi[73,1]	312001	312800
pi[73,2]	312801	313600
pi[73,3]	313601	314400
pi[73,4]	314401	315200
pi[74,1]	315201	316000
pi[74,2]	316001	316800
pi[74,3]	316801	317600
pi[74,4]	317601	318400
pi[75,1]	318401	319200
pi[75,2]	319201	320000
pi[75,3]	320001	320800
pi[75,4]	320801	321600
pi[76,1]	321601	322400
pi[76,2]	322401	323200
pi[76,3]	323201	324000
pi[76,4]	324001	324800
pi[77,1]	324801	325600
pi[77,2]	325601	326400
pi[77,3]	326401	327200
pi[77,4]	327201	328000
pi[78,1]	328001	328800
pi[78,2]	328801	329600
pi[78,3]	329601	330400
pi[78,4]	330401	331200
pi[79,1]	331201	332000
pi[79,2]	332001	332800
pi[79,3]	332801	333600
pi[79,4]	333601	334400
pi[80,1]	334401	335200
pi[80,2]	335201	336000
pi[80,3]	336001	336800
pi[80,4]	336801	337600
pi[81,1]	337601	338400
pi[81,2]	338401	339200
pi[81,3]	339201	340000
pi[81,4]	340001	340800
pi[82,1]	340801	341600
pi[82,2]	341601	342400
pi[82,3]	342401	343200
pi[82,4]	343201	344000
pi[83,1]	344001	344800
pi[83,2]	344801	345600
pi[83,3]	345601	346400
pi[83,4]	346401	347200
pi[84,1]	347201	348000
pi[84,2]	348001	348800
pi[84,3]	348801	349600
pi[84,4]	349601	350400
pi[85,1]	350401	351200
pi[85,2]	351201	352000
pi[85,3]	352001	352800
pi[85,4]	352801	353600
pi[86,1]	353601	354400
pi[86,2]	354401	355200
pi[86,3]	355201	356000
pi[86,4]	356001	356800
pi[87,1]	356801	357600
pi[87,2]	357601	358400
pi[87,3]	358401	359200
pi[87,4]	359201	360000
pi[88,1]	360001	360800
pi[88,2]	360801	361600
pi[88,3]	361601	362400
pi[88,4]	362401	363200
pi[89,1]	363201	364000
pi[89,2]	364001	364800
pi[89,3]	364801	365600
pi[89,4]	365601	366400
pi[90,1]	366401	367200
pi[90,2]	367201	368000
pi[90,3]	368001	368800
pi[90,4]	368801	369600
pi[91,1]	369601	370400
pi[91,2]	370401	371200
pi[91,3]	371201	372000
pi[91,4]	372001	372800
pi[92,1]	372801	373600
pi[92,2]	373601	374400
pi[92,3]	374401	375200
pi[92,4]	375201	376000
pi[93,1]	376001	376800
pi[93,2]	376801	377600
pi[93,3]	377601	378400
pi[93,4]	378401	379200
pi[94,1]	379201	380000
pi[94,2]	380001	380800
pi[94,3]	380801	381600
pi[94,4]	381601	382400
pi[95,1]	382401	383200
pi[95,2]	383201	384000
pi[95,3]	384001	384800
pi[95,4]	384801	385600
pi[96,1]	385601	386400
pi[96,2]	386401	387200
pi[96,3]	387201	388000
pi[96,4]	388001	388800
pi[97,1]	388801	389600
pi[97,2]	389601	390400
pi[97,3]	390401	391200
pi[97,4]	391201	392000
pi[98,1]	392001	392800
pi[98,2]	392801	393600
pi[98,3]	393601	394400
pi[98,4]	394401	395200
pi[99,1]	395201	396000
pi[99,2]	396001	396800
pi[99,3]	396801	397600
pi[99,4]	397601	398400
pi[100,1]	398401	399200
pi[100,2]	399201	400000
pi[100,3]	400001	400800
pi[100,4]	400801	401600
q[1]	401601	402400
q[2]	402401	403200
q[3]	403201	404000
q[4]	404001	404800
w	404801	405600
